















8 100,
8 1000,
8 10000,
8 100000
16 100,
16 1000,
16 10000,
16 100000
32 100,
32 1000,
32 10000,
32 100000
64 100,
64 1000,
64 10000,
64 100000
8 100,
8 1000,
8 10000,
8 100000
16 100,
16 1000,
16 10000,
16 100000
32 100,
32 1000,
32 10000,
32 100000
64 100,
64 1000,
64 10000,
64 100000
8 100,
8 1000,
8 10000,
8 100000
16 100,
16 1000,
16 10000,
16 100000
32 100,
32 1000,
32 10000,
32 100000
64 100,
64 1000,
64 10000,
64 100000
8 100,
8 1000,
8 10000,
8 100000
16 100,
16 1000,
16 10000,
16 100000
32 100,
32 1000,
32 10000,
32 100000
64 100,
64 1000,
64 10000,
64 100000
8 100,
8 1000,
8 10000,
8 100000
16 100,
16 1000,
16 10000,
16 100000
32 100,
32 1000,
32 10000,
32 100000
64 100,
64 1000,
64 10000,
64 100000
hi
hi
hi
hi
hi
hi
hi
hi
hi
hi
hi
hi
hi
hi
hi
hi
